med 1.0 crossover chance

Terminating generations:
[74, 76, 57, 61, 64, 62, 62, 121, 113, 115, 108, 66, 67, 106, 79, 82, 96, 95, 84, 83, 110, 68, 63, 55, 137, 76, 100, 79, 136, 74, 64, 72, 105, 85, 62, 76, 52, 88, 107, 127, 94, 84, 53, 108, 141, 82, 78, 69, 99, 68, 61, 75, 108, 121, 104, 135, 60, 85, 95, 79, 88, 76, 115, 101, 61, 71, 131, 108, 154, 162, 77, 63, 103, 67, 59, 134, 95, 72, 128, 64] 
With average:  89.1875
And standard deviaton:  25.8539618579
Min:  52
Max:  162

Med 0.9 crossover chance:
Terminating generations:
[90, 71, 40, 101, 74, 51, 75, 72, 68, 55, 66, 64, 96, 72, 63, 91, 97, 56, 98, 64, 73, 109, 67, 75, 26, 90, 114, 70, 114, 91, 60, 71, 66, 66, 104, 40, 68, 65, 39, 138, 96, 107, 83, 81, 54, 93, 56, 90, 72, 98, 80, 48, 103, 172, 59, 120, 73, 128, 96, 118, 65, 38, 67, 119, 108, 91, 75, 43, 60, 77, 81, 66, 81, 97, 86, 82, 103, 61, 265, 67] 
With average:  82.1125 
And standard deviaton:  32.1200847407 
Min:  26 
Max:  265 

Med 0.8 crossover chance:
Terminating generations:
[82, 70, 57, 179, 52, 58, 76, 101, 69, 42, 91, 114, 92, 178, 87, 82, 81, 92, 91, 62, 93, 133, 102, 53, 71, 110, 104, 55, 92, 70, 131, 89, 94, 83, 66, 60, 78, 128, 67, 53, 76, 55, 58, 66, 71, 71, 72, 71, 69, 76, 88, 65, 68, 65, 83, 44, 90, 120, 74, 76, 61, 102, 61, 61, 53, 72, 94, 110, 111, 108, 84, 233, 110, 86, 58, 153, 64, 88, 103, 94] 
With average:  85.65 
And standard deviaton:  31.2338358195 
Min:  42 
Max:  233 
